1
2
3
3.99999
4.99999
5.09619
4.70058
4.75743
4.96745
5.27138
5.55329
5.90614
6.29897
6.13344
6.59684
6.37256
6.37735
6.14401
6.1456
6.13982
6.07605
6.05643
6.0195
5.97847
6.04927
6.12518
6.30014
6.48103
6.62299
6.65605
6.61674
6.66896
6.71535
6.78402
6.87552
7.12514
7.39105
7.63967
7.85702
8.13145
8.29457
8.4605
8.63036
8.81971
9.00656
9.38385
9.80599
10.227
10.597
11.0345
11.0586
11.0925
11.1224
11.1679
11.2145
11.3803
11.6088
11.8496
12.1436
12.4472
12.5478
12.7294
12.8969
13.0293
13.1765
13.2511
13.3443
13.4379
13.5542
13.6705
13.9143
14.1576
14.3994
14.6102
14.8696
15.0314
15.1821
15.3351
15.5173
15.6887
16.057
16.4598
16.8705
17.2287
17.6412
17.6776
17.7123
17.7064
17.7505
17.796
17.9991
18.2092
18.5068
18.7983
19.0787
19.1845
19.3716
19.5374
19.6741
19.8279
19.9183
20.0081
20.121
20.2347
20.351
20.5883
20.8249
21.0496
21.249
21.4995
21.6544
21.7059
21.8537
22.0134
22.1775
22.5307
22.9178
23.3027
23.6509
24.0478
24.0821
24.1139
24.1448
24.1773
24.2215
24.4489
24.7309
25.0136
25.2963
25.5792
25.6898
25.8854
26.0563
26.2024
26.3829
26.4693
26.5785
26.6868
26.7931
26.8982
27.1275
27.3568
27.5738
27.765
27.9936
28.1403
28.2812
28.4249
28.5788
28.7251
29.0708
29.4492
29.827
30.1676
30.5465
30.5799
30.6111
30.6403
30.6717
30.705
30.9723
31.2457
31.5266
31.8036
32.0789
32.2119
32.4239
32.6087
32.7669
32.9449
33.0498
33.1586
33.2588
33.3639
33.4704
33.6957
33.9209
34.1338
34.3204
34.5448
34.6907
34.8264
34.967
35.1177
35.2604
35.5991
35.9707
36.3418
36.6758
37.0484
37.0808
37.1111
37.1381
37.1681
37.2003
37.462
37.7337
38.008
38.2783
38.5453
38.6936
38.9213
39.1183
39.2905
39.482
39.5811
39.6806
39.7794
39.8804
39.9856
40.2068
40.4275
40.6363
40.8176
41.0376
41.1772
41.3119
41.4505
41.5977
41.7369
42.0695
42.435
42.7993
43.127
43.4924
43.5233
43.5536
43.574
43.6039
43.6364
43.8929
44.1604
44.4308
44.6955
44.9623
45.1256
45.367
45.5762
45.762
45.9655
46.0654
46.1647
46.2642
46.3648
46.468
46.685
46.9022
47.1072
47.2842
47.5009
47.6398
47.7731
47.9077
48.0525
48.1887
48.5146
48.8735
49.2328
49.5535
49.9136
49.9439
49.9735
49.9973
50.0268
50.059
50.3106
50.5745
50.8392
51.0986
51.3616
51.5271
51.7686
51.9789
52.1658
52.3683
52.4759
52.5767
52.6757
52.7898
52.9033
53.1167
53.3303
53.532
53.7015
53.9144
54.0496
54.1834
54.3186
54.4612
54.5949
54.9141
55.2675
55.6203
55.9365
56.2906
56.3201
56.3491
56.3716
56.3997
56.4314
56.6779
56.9379
57.1974
57.4528
57.7118
57.8722
58.1101
58.3167
58.5008
58.6997
58.8152
58.94
59.0547
59.178
59.3068
59.5173
59.7277
59.9254
60.0913
60.3004
60.4324
60.5638
60.6938
60.8341
60.9659
61.2792
61.6276
61.9748
62.2866
62.6354
62.6643
62.693
62.7174
62.7447
62.7764
63.0191
63.2758
63.5323
63.783
64.04
64.1969
64.429
64.6327
64.8141
65.0082
65.1301
65.2645
65.4008
65.5326
65.6735
