1
1.75048
1.50603
1.14369
1.19923
1.12186
1.02993
1.05539
1.07717
1.08662
1.04653
1.08793
1.13009
1.09562
1.11814
1.06886
1.07138
1.02718
1.03013
1.02693
1.02151
1.04249
1.06243
1.08026
1.09588
1.09148
1.09917
1.11308
1.12844
1.11846
1.09979
1.14598
1.18867
1.23082
1.26958
1.27274
1.27642
1.3046
1.39282
1.39324
1.41824
1.54469
1.55152
1.55738
1.56668
1.60413
1.60604
1.60774
1.70778
1.71144
1.79633
1.8
1.91454
1.91823
1.9381
1.95081
1.96114
1.97852
1.99589
2.00699
2.02572
2.04184
2.06053
2.07687
2.16094
2.22462
2.28642
2.35225
2.41347
2.47376
2.47653
2.48078
2.50765
2.59251
2.59303
2.61864
2.7412
2.74532
2.75058
2.75982
2.79434
2.79619
2.79743
2.88893
2.8931
2.97531
2.97956
3.07496
3.07839
3.09874
3.10845
3.11761
3.13139
3.14742
3.15083
3.1659
3.18059
3.19733
3.21267
3.29097
3.353
3.41048
3.47321
3.53331
3.59455
3.59692
3.60069
3.62694
3.70819
3.70846
3.73134
3.78288
3.78864
3.79417
3.80264
3.83529
3.83672
3.838
3.92831
3.93207
4.01071
4.01397
4.12277
4.12633
4.14595
4.15312
4.15886
4.16911
4.18463
4.19382
4.21088
4.22111
4.23644
4.2498
4.32548
4.38223
4.43787
4.49773
4.55266
4.60553
4.60752
4.61117
4.63611
4.71346
4.71411
4.73377
4.84538
4.85014
4.85539
4.86451
4.89612
4.89736
4.89836
4.98613
4.98994
5.06692
5.07004
5.17623
5.17953
5.19906
5.20322
5.20655
5.21833
5.23327
5.24094
5.25611
5.2657
5.27956
5.29192
5.36666
5.42081
5.47674
5.5304
5.5851
5.63983
5.64153
5.6449
5.66906
5.74397
5.74427
5.76476
5.8719
5.876
5.8809
5.88911
5.91961
5.92034
5.92091
6.00695
6.01046
6.08586
6.0886
6.19189
6.19452
6.21331
6.21684
6.22108
6.23176
6.2458
6.2505
6.26433
6.27381
6.2859
6.29683
6.36936
6.41965
6.46853
6.52143
6.57355
6.62775
6.62918
6.63204
6.65544
6.72748
6.72735
6.74431
6.85087
6.85495
6.8591
6.8666
6.89657
6.8973
6.89741
6.98184
6.9846
7.0581
7.0611
7.1589
7.16176
7.18046
7.18358
7.18785
7.1989
7.2124
7.21889
7.2315
7.24033
7.25058
7.26018
7.32974
7.38136
7.43095
7.48503
7.53746
7.59058
7.59134
7.59403
7.61659
7.68649
7.68628
7.70387
7.80995
7.81246
7.81631
7.82302
7.85167
7.8516
7.85187
7.93138
7.93412
8.00631
8.00907
8.1076
8.11039
8.12887
8.13156
8.13597
8.14605
8.15884
8.16511
8.17565
8.18262
8.1921
8.20103
8.26937
8.32176
8.36695
8.4127
8.46577
8.51551
8.51604
8.51837
8.5404
8.60567
8.60512
8.6211
8.7274
8.73176
8.73546
8.74167
8.76871
8.76842
8.76794
8.84874
8.85095
8.92181
8.92438
9.02095
9.02308
9.04125
9.04321
9.04681
9.05619
9.06899
9.07459
9.08341
9.09037
9.09962
9.10828
9.1754
9.22257
9.27288
9.3188
9.36734
9.41735
9.41791
9.42013
9.44151
9.50505
9.50391
9.51892
9.62488
9.62671
9.63007
9.63614
9.66088
9.66057
9.6596
9.73964
9.74154
9.81124
9.81385
9.91056
9.91231
9.93049
9.93231
9.93629
9.94601
9.95819
9.96435
9.97221
9.97777
9.98701
9.99537
10.0607
10.1023
10.1491
10.1998
10.2442
10.2925
