1
1.76295
1.58073
1.28651
1.38927
1.32057
1.21347
1.2405
1.27169
1.29585
1.27187
1.32884
1.38854
1.34751
1.39208
1.33405
1.33668
1.28302
1.2859
1.28258
1.27423
1.29319
1.31028
1.32517
1.34355
1.34317
1.35922
1.38148
1.40317
1.39534
1.37563
1.42213
1.46501
1.50848
1.54987
1.56536
1.58215
1.62135
1.71603
1.73015
1.76205
1.89048
1.90546
1.9205
1.93867
1.99312
2.01604
2.0387
2.15224
2.17759
2.25945
2.26463
2.37493
2.38072
2.40192
2.42229
2.44352
2.47207
2.50327
2.52901
2.55183
2.57622
2.60235
2.6245
2.71172
2.77595
2.83931
2.90654
2.97051
3.0336
3.04842
3.06462
3.10223
3.19339
3.20686
3.23928
3.36325
3.37481
3.38892
3.40627
3.45747
3.47938
3.50109
3.60592
3.6305
3.71042
3.7162
3.80653
3.812
3.83361
3.85298
3.87219
3.90016
3.92997
3.94722
3.96683
3.99014
4.01433
4.03574
4.11781
4.18127
4.24036
4.3056
4.36839
4.43238
4.44648
4.4619
4.49807
4.58523
4.59801
4.62749
4.67903
4.69189
4.70513
4.72138
4.77006
4.79077
4.81124
4.91444
4.93785
5.01428
5.01897
5.12387
5.12888
5.14972
5.1679
5.18746
5.21134
5.24022
5.26309
5.28482
5.30433
5.32743
5.34743
5.42835
5.48658
5.5449
5.60718
5.66468
5.72016
5.73352
5.74845
5.783
5.86603
5.87808
5.9041
6.01717
6.02888
6.04156
6.05754
6.10486
6.12495
6.14479
6.2452
6.26777
6.34257
6.34709
6.44944
6.45414
6.47436
6.49167
6.50851
6.53375
6.56179
6.58284
6.6039
6.62361
6.64602
6.66567
6.74557
6.80225
6.86083
6.91682
6.97404
7.03136
7.04424
7.0587
7.0923
7.17279
7.1843
7.21106
7.31962
7.33055
7.34274
7.35767
7.40359
7.42286
7.44195
7.5404
7.56236
7.63561
7.63972
7.7392
7.7432
7.76266
7.7791
7.79671
7.82058
7.84742
7.86524
7.8858
7.90618
7.92752
7.94651
8.02499
8.07772
8.12914
8.18433
8.23889
8.29564
8.30806
8.32182
8.35449
8.43199
8.44286
8.46595
8.57392
8.58472
8.59603
8.61011
8.65522
8.67419
8.69251
8.7891
8.80999
8.88136
8.88573
8.97965
8.98387
9.00326
9.01904
9.03648
9.0605
9.08656
9.10606
9.1262
9.14666
9.16686
9.18527
9.26153
9.31556
9.36763
9.42399
9.47882
9.53444
9.54602
9.55943
9.59112
9.66637
9.67701
9.70067
9.80811
9.81722
9.82812
9.84131
9.88482
9.9027
9.92092
10.0125
10.0331
10.1032
10.1073
10.2021
10.2062
10.2254
10.2405
10.2579
10.2807
10.3058
10.3249
10.3432
10.3619
10.3814
10.3993
10.4743
10.5295
10.5774
10.6259
10.682
10.7349
10.7461
10.759
10.79
10.8605
10.8706
10.8925
11.0002
11.0111
11.0217
11.0343
11.076
11.0934
11.1106
11.2031
11.2229
11.2917
11.2956
11.3885
11.3919
11.4108
11.4249
11.4414
11.4632
11.4882
11.5064
11.5228
11.5414
11.5605
11.5779
11.6516
11.7022
11.7562
11.8056
11.8579
11.9118
11.9229
11.9355
11.9657
12.0344
12.0437
12.0646
12.1718
12.1801
12.1903
12.2026
12.2418
12.2589
12.2754
12.367
12.3862
12.4539
12.4578
12.5509
12.5539
12.5728
12.5867
12.6033
12.6253
12.6494
12.6681
12.6834
12.7003
12.7193
12.7363
12.8081
12.8537
12.9048
12.9598
13.0086
13.0615
