AY41G
54.3454
55.2163
38.9527
34.8856
44.3996
28.9462
52.5891
31.6929
58.2513
39.716
47.4508
37.5566
26.3796
33.3002
50.3454
46.6874
47.008
47.1745
30.7913
57.1167
50.1235
47.7635
38.0124
79.0479
40.7136
34.484
245.3934
59.2323
28.5524
275.9359
46.698
61.7835
44.374
46.0301
47.445
25.8855
14.5724
37.8186
25.7842
27.7795
21.0802
33.3031
62.5992
51.0448
29.5636
88.3137
76.0405
51.1247
60.6
70.5156
149.9388
84.2533
62.3699
75.1735
84.991
112.7387
64.5301
183.2569
97.5953
147.4848
112.2147
173.2837
312.3103
162.9946
176.1659
515.7027
387.4231
823.7629
